0 22 8.65
0 8 8.94
0 90 0.19
0 88 9.67
0 61 4.85
0 1 4.79
1 41 8.27
1 5 3.56
1 20 8.76
1 24 1.81
1 57 8.08
1 74 7.39
2 97 3.41
2 64 1.94
2 69 6.68
2 46 7.66
2 24 7.50
2 53 0.60
3 69 8.13
3 27 9.74
3 95 8.86
3 88 9.52
3 51 0.40
3 82 7.50
4 64 7.36
4 23 4.92
4 33 6.54
4 24 8.93
4 69 0.87
4 97 2.91
5 0 6.49
5 11 2.97
5 82 3.13
5 60 0.38
5 89 5.66
5 81 1.83
6 4 4.34
6 48 0.63
6 14 5.07
6 66 6.11
6 46 4.04
6 97 9.81
7 85 3.51
7 74 9.06
7 3 4.88
7 75 9.30
7 99 4.64
7 32 4.27
8 34 4.34
8 80 7.89
8 47 6.35
8 68 4.28
8 79 7.91
8 87 6.28
9 37 3.03
9 36 3.64
9 34 0.66
9 72 9.82
9 54 2.74
9 78 6.81
10 36 6.49
10 15 8.99
10 60 1.73
10 31 8.47
10 4 5.99
10 19 4.42
11 46 3.96
11 70 5.77
11 54 4.23
11 91 5.66
11 82 4.56
11 27 3.19
12 32 9.63
12 88 6.09
12 83 2.26
12 35 7.49
12 21 9.89
12 36 7.82
13 63 4.37
13 79 2.61
13 62 0.90
13 82 2.28
13 29 9.73
13 53 5.01
14 27 8.33
14 80 9.40
14 94 5.78
14 30 6.40
14 10 4.81
14 97 2.91
15 53 3.09
15 29 5.78
15 2 7.96
15 88 2.94
15 80 4.27
15 8 0.24
16 84 3.85
16 70 1.50
16 36 6.89
16 24 7.41
16 57 6.64
16 9 2.56
17 84 2.43
17 95 3.44
17 46 8.69
17 72 7.90
17 47 1.05
17 41 7.16
18 8 6.37
18 21 1.21
18 83 5.86
18 52 5.02
18 65 2.74
18 13 8.12
19 93 2.74
19 45 1.55
19 23 1.85
19 61 7.61
19 4 6.78
19 26 3.23
20 89 2.96
20 50 4.43
20 88 3.82
20 95 3.74
20 17 3.45
20 45 1.28
21 48 1.66
21 95 6.38
21 77 1.29
21 76 8.18
21 90 0.17
21 66 7.02
22 25 8.85
22 20 1.51
22 74 4.32
22 5 5.57
22 96 8.64
22 35 9.40
23 74 2.07
23 51 4.77
23 44 1.52
23 37 3.82
23 12 1.01
23 86 1.89
24 98 3.57
24 89 6.28
24 73 0.46
24 78 8.83
24 37 7.43
24 75 8.84
25 66 5.81
25 73 7.77
25 87 3.16
25 38 8.32
25 46 3.90
26 57 0.32
26 22 1.38
26 38 3.04
26 34 0.35
26 10 2.25
26 33 1.44
27 54 8.24
27 47 7.44
27 37 4.36
27 2 3.57
27 42 6.13
27 81 7.67
28 64 4.86
28 62 4.00
28 95 7.90
28 49 4.29
28 12 8.36
28 83 3.15
29 9 6.06
29 91 8.88
29 25 3.92
29 7 3.69
29 88 0.82
29 10 0.12
30 55 6.25
30 40 2.87
30 64 5.28
30 44 6.75
30 97 0.55
30 78 9.29
31 88 2.81
31 86 1.00
31 90 7.10
31 8 7.93
31 6 3.45
31 64 0.48
32 47 3.49
32 53 3.52
32 97 8.81
32 22 7.72
32 13 1.05
32 42 3.78
33 57 0.47
33 55 8.44
33 75 7.61
33 73 4.87
33 90 2.27
33 91 6.27
34 20 5.01
34 54 8.36
34 5 6.79
34 93 0.90
34 82 6.47
34 16 0.59
35 44 3.00
35 55 7.15
35 31 2.40
35 82 1.83
35 62 6.77
35 22 9.37
36 93 6.84
36 43 9.34
36 69 9.64
36 24 5.93
36 9 2.04
36 27 7.81
37 9 2.19
37 68 5.27
37 53 1.01
37 99 6.09
37 4 7.23
37 13 7.06
38 81 3.15
38 49 5.67
38 33 1.85
38 6 8.17
38 95 8.32
38 26 8.06
39 66 2.29
39 52 9.61
39 78 8.19
39 63 2.90
39 53 9.33
39 48 3.13
40 4 1.08
40 1 5.78
40 85 9.26
40 43 2.93
40 78 7.56
40 76 7.98
41 55 6.33
41 36 6.53
41 48 9.32
41 47 5.34
41 88 8.80
41 95 5.72
42 83 6.55
42 65 6.23
42 28 5.79
42 4 8.57
42 1 1.76
42 17 4.89
43 60 1.51
43 84 2.23
43 96 8.95
43 11 8.72
43 49 1.91
43 32 8.80
44 71 4.41
44 10 9.41
44 42 5.70
44 56 2.30
44 81 0.85
44 34 1.81
45 99 3.08
45 57 5.04
45 9 9.38
45 64 7.47
45 32 1.35
45 92 8.36
46 88 2.65
46 7 2.13
46 52 7.99
46 18 0.87
46 75 2.61
46 91 3.95
47 71 2.23
47 78 8.83
47 12 1.04
47 83 3.77
47 50 7.33
47 15 3.56
48 49 6.91
48 8 5.24
48 15 9.50
48 3 5.80
48 9 6.42
48 33 6.30
49 53 3.75
49 11 5.58
49 50 3.82
49 16 1.75
49 36 4.13
49 7 1.56
50 41 2.32
50 55 2.05
50 63 0.29
50 66 0.54
50 75 1.24
50 5 3.51
51 84 3.88
51 25 8.25
51 40 0.47
51 64 9.25
51 21 4.05
51 59 6.58
52 89 5.56
52 13 5.19
52 47 1.01
52 74 0.96
52 48 0.42
52 26 1.11
53 94 2.46
53 36 1.36
53 55 4.84
53 21 6.83
53 0 4.52
53 71 2.10
54 1 4.21
54 44 5.67
54 79 4.47
54 39 8.86
54 46 5.91
54 51 5.62
55 65 0.99
55 80 0.41
55 20 5.48
55 26 9.15
55 52 1.90
55 35 1.98
56 90 3.76
56 47 3.35
56 49 9.09
56 75 8.49
56 73 0.54
56 71 0.16
57 77 6.95
57 70 5.73
57 93 3.62
57 35 3.04
57 94 9.21
57 44 7.52
58 90 6.92
58 40 0.26
58 78 8.28
58 59 3.51
58 99 4.27
58 63 1.30
59 75 7.10
59 20 0.60
59 50 6.23
59 55 4.11
59 41 1.25
59 77 6.90
60 0 0.12
60 79 6.54
60 21 8.62
60 69 9.63
60 33 5.24
60 17 8.25
61 77 1.06
61 58 3.36
61 13 7.03
61 23 2.27
61 79 9.95
61 34 6.31
62 57 0.38
62 91 7.72
62 82 8.61
62 45 5.70
62 49 2.25
62 55 9.56
63 26 3.12
63 96 4.14
63 74 6.49
63 42 1.74
63 15 5.22
63 7 4.80
64 45 5.17
64 50 5.96
64 57 0.20
64 59 3.10
64 21 5.65
64 67 4.00
65 76 7.52
65 71 4.22
65 13 2.22
65 64 2.90
65 50 8.20
65 17 5.73
66 65 8.54
66 1 1.07
66 57 1.82
66 86 8.14
66 61 4.09
66 77 1.77
67 70 3.19
67 94 1.58
67 0 2.85
67 16 2.88
67 93 6.19
67 50 6.72
68 26 5.04
68 72 5.48
68 80 8.27
68 55 1.34
68 79 0.43
68 1 8.33
69 16 9.76
69 23 5.93
69 20 9.48
69 37 6.09
69 39 7.00
69 62 1.79
70 22 6.13
70 4 3.06
70 7 0.76
70 27 1.30
70 91 4.30
70 6 5.84
71 96 2.08
71 51 4.98
71 92 5.80
71 35 4.71
71 34 6.92
72 67 3.10
72 63 9.87
72 81 9.07
72 45 5.81
72 86 4.54
73 25 5.44
73 13 7.40
73 74 1.78
73 41 6.66
73 48 4.42
73 39 0.83
74 61 6.60
74 99 7.09
74 10 9.47
74 22 6.10
74 35 2.53
74 28 8.33
75 32 6.36
75 1 6.72
75 89 0.33
75 87 3.60
75 18 2.33
75 73 4.58
76 49 5.42
76 24 2.11
76 91 0.41
76 42 4.66
76 51 8.41
76 84 1.42
77 25 4.78
77 13 4.35
77 44 4.33
77 1 5.53
77 91 0.47
77 42 2.79
78 9 9.50
78 68 7.41
78 91 4.20
78 26 0.66
78 49 3.94
78 17 6.19
79 63 1.41
79 66 1.43
79 98 6.42
79 29 1.12
79 12 4.81
79 55 2.10
80 75 4.14
80 1 8.41
80 29 4.91
80 21 6.38
80 14 3.12
80 76 5.24
81 20 8.38
81 23 4.51
81 53 3.31
81 48 2.00
81 75 1.69
81 12 7.02
82 47 2.62
82 8 4.50
82 38 4.06
82 49 9.02
82 2 0.24
82 50 5.02
83 16 6.83
83 50 4.20
83 35 5.75
83 26 4.30
83 0 4.46
83 60 4.22
84 96 7.25
84 94 7.77
84 57 5.11
84 81 0.92
84 79 6.66
84 80 4.88
85 88 1.22
85 13 5.58
85 90 4.05
85 8 6.77
85 0 0.92
85 6 1.51
86 70 6.02
86 22 1.83
86 76 5.29
86 46 1.11
86 40 3.33
86 64 2.89
87 11 4.54
87 68 5.03
87 60 4.95
87 31 4.11
87 83 4.11
87 89 5.30
88 89 2.75
88 93 7.20
88 9 8.49
88 96 7.06
88 56 2.91
88 83 6.25
89 50 7.99
89 6 2.88
89 57 3.99
89 45 5.84
89 3 4.75
89 54 9.81
90 5 7.39
90 8 6.52
90 11 6.64
90 7 8.61
90 38 1.51
90 66 6.31
91 47 2.15
91 97 8.66
91 13 2.56
91 95 6.77
91 37 2.50
91 28 6.34
92 4 6.31
92 12 1.50
92 39 1.62
92 46 3.44
92 17 3.57
92 69 9.18
93 4 8.59
93 59 1.16
93 12 4.25
93 11 8.79
93 18 9.00
93 35 0.37
94 0 5.95
94 60 6.45
94 31 6.45
94 5 7.76
94 32 8.54
94 36 6.95
95 68 0.28
95 30 1.33
95 92 8.93
95 35 7.52
95 90 3.15
95 5 9.64
96 18 5.15
96 60 0.40
96 15 2.30
96 49 0.96
96 87 2.18
96 75 0.16
97 39 6.06
97 19 8.87
97 68 7.67
97 11 3.63
97 67 2.31
97 38 7.97
98 87 2.60
98 60 5.01
98 27 6.83
98 92 0.31
98 99 6.60
98 62 7.05
99 67 4.80
99 77 7.99
99 65 3.25
99 42 4.40
99 28 8.56
99 25 5.73
